-5000
-4998
-4996
-4996
-4991
-4991
-4990
-4988
-4986
-4985
-4983
-4983
-4979
-4978
-4978
-4977
-4975
-4973
-4972
-4971
-4971
-4968
-4966
-4965
-4964
-4963
-4962
-4961
-4961
-4961
-4960
-4959
-4958
-4958
-4957
-4956
-4956
-4955
-4952
-4952
-4951
-4950
-4948
-4948
-4947
-4947
-4947
-4946
-4946
-4945
-4943
-4940
-4939
-4936
-4936
-4936
-4935
-4933
-4932
-4931
-4930
-4930
-4929
-4929
-4929
-4929
-4927
-4926
-4926
-4925
-4924
-4924
-4922
-4921
-4921
-4921
-4920
-4919
-4919
-4919
-4919
-4918
-4917
-4917
-4916
-4916
-4914
-4913
-4913
-4913
-4913
-4911
-4911
-4910
-4907
-4907
-4907
-4906
-4903
-4901
-4901
-4901
-4901
-4900
-4900
-4899
-4899
-4898
-4896
-4896
-4894
-4892
-4891
-4889
-4887
-4887
-4886
-4886
-4884
-4884
-4883
-4882
-4882
-4881
-4881
-4876
-4874
-4873
-4868
-4868
-4866
-4866
-4865
-4865
-4865
-4864
-4863
-4861
-4860
-4859
-4859
-4858
-4857
-4857
-4856
-4855
-4855
-4854
-4853
-4852
-4852
-4850
-4849
-4846
-4846
-4845
-4844
-4843
-4843
-4842
-4842
-4841
-4839
-4836
-4834
-4833
-4832
-4832
-4832
-4832
-4831
-4831
-4829
-4826
-4825
-4825
-4824
-4822
-4820
-4820
-4820
-4820
-4820
-4820
-4818
-4818
-4817
-4816
-4815
-4813
-4808
-4807
-4807
-4807
-4806
-4805
-4804
-4803
-4803
-4802
-4802
-4799
-4799
-4798
-4798
-4797
-4797
-4795
-4795
-4794
-4794
-4792
-4791
-4791
-4790
-4790
-4790
-4789
-4789
-4787
-4787
-4786
-4786
-4785
-4783
-4782
-4780
-4779
-4778
-4777
-4776
-4775
-4774
-4773
-4773
-4772
-4772
-4772
-4770
-4767
-4766
-4766
-4766
-4765
-4765
-4765
-4765
-4763
-4763
-4763
-4762
-4761
-4761
-4760
-4759
-4758
-4755
-4754
-4754
-4753
-4753
-4753
-4752
-4752
-4752
-4752
-4749
-4748
-4748
-4747
-4746
-4745
-4745
-4744
-4743
-4743
-4740
-4740
-4738
-4736
-4736
-4734
-4733
-4730
-4730
-4730
-4730
-4729
-4725
-4724
-4724
-4723
-4723
-4722
-4721
-4721
-4721
-4720
-4720
-4720
-4719
-4719
-4719
-4718
-4717
-4715
-4713
-4713
-4711
-4711
-4709
-4709
-4709
-4709
-4707
-4707
-4704
-4703
-4703
-4702
-4702
-4701
-4698
-4697
-4697
-4697
-4696
-4695
-4690
-4690
-4687
-4686
-4686
-4686
-4686
-4685
-4685
-4684
-4682
-4679
-4679
-4677
-4675
-4675
-4673
-4672
-4671
-4668
-4667
-4667
-4667
-4666
-4664
-4664
-4663
-4662
-4662
-4661
-4660
-4658
-4654
-4654
-4653
-4653
-4652
-4652
-4652
-4652
-4650
-4649
-4648
-4648
-4647
-4646
-4645
-4643
-4642
-4640
-4639
-4639
-4638
-4637
-4637
-4636
-4634
-4632
-4631
-4630
-4629
-4629
-4627
-4626
-4626
-4624
-4621
-4621
-4619
-4619
-4619
-4617
-4616
-4616
-4616
-4615
-4614
-4611
-4609
-4609
-4609
-4609
-4609
-4607
-4607
-4606
-4606
-4605
-4604
-4604
-4603
-4601
-4599
-4598
-4594
-4594
-4593
-4593
-4593
-4591
-4591
-4591
-4588
-4586
-4586
-4584
-4583
-4583
-4582
-4581
-4579
-4577
-4577
-4577
-4576
-4574
-4572
-4572
-4572
-4571
-4571
-4571
-4569
-4568
-4567
-4565
-4565
-4565
-4564
-4563
-4563
-4562
-4562
-4558
-4558
-4557
-4557
-4557
-4556
-4556
-4554
-4554
-4552
-4549
-4549
-4548
-4548
-4547
-4545
-4544
-4543
-4542
-4540
-4540
-4538
-4535
-4533
-4531
-4529
-4528
-4528
-4528
-4526
-4526
-4525
-4525
-4525
-4523
-4521
-4520
-4517
-4517
-4515
-4511
-4510
-4509
-4509
-4509
-4508
-4505
-4504
-4504
-4504
-4503
-4503
-4503
-4502
-4501
-4500
-4500
-4500
-4499
-4499
-4499
-4499
-4497
-4496
-4495
-4494
-4494
-4493
-4492
-4492
-4492
-4491
-4491
-4488
-4488
-4488
-4487
-4487
-4486
-4485
-4484
-4482
-4482
-4480
-4480
-4480
-4477
-4476
-4474
-4472
-4471
-4471
-4471
-4470
-4466
-4466
-4465
-4464
-4464
-4464
-4463
-4462
-4457
-4457
-4454
-4453
-4453
-4452
-4451
-4449
-4448
-4448
-4448
-4446
-4446
-4445
-4445
-4445
-4445
-4444
-4444
-4442
-4441
-4441
-4440
-4440
-4438
-4433
-4433
-4431
-4430
-4429
-4428
-4428
-4428
-4427
-4426
-4424
-4424
-4424
-4423
-4422
-4422
-4421
-4421
-4420
-4419
-4418
-4414
-4413
-4412
-4411
-4410
-4410
-4409
-4409
-4408
-4407
-4407
-4404
-4403
-4401
-4401
-4400
-4400
-4398
-4398
-4395
-4394
-4394
-4393
-4392
-4391
-4388
-4388
-4387
-4385
-4384
-4384
-4383
-4382
-4382
-4380
-4379
-4379
-4378
-4378
-4376
-4376
-4375
-4375
-4374
-4374
-4370
-4370
-4369
-4368
-4367
-4365
-4364
-4364
-4363
-4362
-4361
-4360
-4359
-4359
-4359
-4358
-4358
-4357
-4357
-4354
-4353
-4353
-4351
-4351
-4349
-4348
-4346
-4346
-4346
-4344
-4343
-4343
-4342
-4341
-4341
-4340
-4340
-4339
-4339
-4338
-4337
-4337
-4334
-4334
-4333
-4333
-4333
-4331
-4331
-4330
-4329
-4329
-4326
-4326
-4321
-4319
-4318
-4316
-4316
-4316
-4314
-4314
-4312
-4312
-4310
-4309
-4309
-4308
-4306
-4306
-4305
-4305
-4304
-4304
-4304
-4303
-4303
-4302
-4300
-4300
-4300
-4299
-4298
-4297
-4297
-4295
-4294
-4294
-4292
-4292
-4291
-4291
-4290
-4290
-4288
-4287
-4287
-4284
-4282
-4282
-4282
-4281
-4281
-4280
-4279
-4278
-4277
-4276
-4275
-4274
-4274
-4272
-4272
-4272
-4270
-4269
-4269
-4267
-4267
-4267
-4265
-4264
-4258
-4258
-4258
-4255
-4254
-4254
-4253
-4252
-4251
-4250
-4248
-4248
-4247
-4246
-4246
-4246
-4246
-4246
-4245
-4245
-4245
-4243
-4243
-4242
-4242
-4239
-4238
-4235
-4235
-4235
-4233
-4231
-4231
-4229
-4229
-4228
-4227
-4227
-4226
-4223
-4223
-4222
-4221
-4221
-4220
-4220
-4217
-4216
-4215
-4215
-4215
-4214
-4213
-4212
-4211
-4209
-4208
-4208
-4203
-4202
-4201
-4200
-4200
-4199
-4199
-4197
-4196
-4196
-4195
-4194
-4193
-4190
-4188
-4185
-4185
-4184
-4184
-4184
-4182
-4181
-4179
-4176
-4176
-4175
-4173
-4172
-4172
-4171
-4170
-4169
-4167
-4163
-4163
-4163
-4162
-4162
-4162
-4161
-4161
-4161
-4161
-4160
-4158
-4154
-4153
-4152
-4152
-4151
-4151
-4150
-4150
-4148
-4147
-4147
-4147
-4146
-4144
-4144
-4143
-4143
-4142
-4140
-4138
-4138
-4137
-4136
-4134
-4133
-4133
-4133
-4132
-4132
-4130
-4130
-4129
-4126
-4126
-4122
-4122
-4121
-4121
-4120
-4118
-4118
-4117
-4117
-4117
-4117
-4116
-4115
-4112
-4109
-4108
-4106
-4105
-4104
-4102
-4102
-4101
-4100
-4098
-4096
-4095
-4095
-4095
-4094
-4094
-4093
-4092
-4092
-4092
-4091
-4090
-4090
-4089
-4089
-4088
-4087
-4083
-4083
-4083
-4083
-4082
-4081
-4079
-4079
-4077
-4074
-4074
-4073
-4072
-4071
-4069
-4069
-4069
-4069
-4068
-4068
-4067
-4067
-4065
-4058
-4057
-4057
-4057
-4056
-4055
-4053
-4052
-4049
-4048
-4047
-4045
-4045
-4044
-4043
-4043
-4042
-4042
-4041
-4041
-4040
-4037
-4037
-4037
-4035
-4035
-4033
-4033
-4033
-4031
-4031
-4031
-4030
-4027
-4027
-4026
-4026
-4026
-4026
-4024
-4021
-4019
-4017
-4017
-4017
-4016
-4015
-4014
-4014
-4013
-4013
-4012
-4012
-4012
-4011
-4009
-4007
-4007
-4005
-4004
-4003
-4001
-4001
-4000
-4000
-3998
-3998
-3996
-3996
-3996
-3993
-3993
-3992
-3991
-3990
-3989
-3986
-3985
-3983
-3982
-3982
-3980
-3979
-3978
-3975
-3974
-3974
-3970
-3968
-3968
-3967
-3967
-3965
-3965
-3964
-3964
-3964
-3963
-3962
-3962
-3961
-3959
-3959
-3958
-3958
-3958
-3957
-3957
-3956
-3956
-3954
-3950
-3950
-3950
-3950
-3949
-3946
-3945
-3944
-3944
-3943
-3941
-3941
-3940
-3940
-3939
-3938
-3933
-3930
-3930
-3928
-3927
-3927
-3926
-3925
-3925
-3924
-3921
-3921
-3920
-3919
-3918
-3918
-3918
-3916
-3916
-3914
-3910
-3910
-3909
-3909
-3909
-3909
-3908
-3907
-3907
-3907
-3906
-3904
-3903
-3903
-3902
-3902
-3902
-3901
-3901
-3900
-3900
-3899
-3899
-3899
-3898
-3897
-3896
-3896
-3895
-3895
-3894
-3894
-3892
-3892
-3892
-3891
-3888
-3888
-3888
-3888
-3888
-3887
-3884
-3883
-3882
-3882
-3881
-3877
-3876
-3873
-3872
-3872
-3871
-3870
-3869
-3868
-3867
-3867
-3866
-3865
-3863
-3860
-3858
-3855
-3855
-3855
-3847
-3844
-3844
-3844
-3844
-3844
-3842
-3841
-3838
-3836
-3835
-3835
-3833
-3830
-3830
-3829
-3829
-3827
-3827
-3826
-3825
-3825
-3825
-3823
-3822
-3821
-3819
-3819
-3818
-3817
-3817
-3816
-3815
-3813
-3813
-3809
-3809
-3808
-3808
-3807
-3807
-3805
-3805
-3804
-3803
-3802
-3798
-3797
-3795
-3795
-3793
-3793
-3793
-3791
-3791
-3790
-3790
-3789
-3788
-3787
-3787
-3786
-3785
-3785
-3785
-3785
-3784
-3784
-3783
-3779
-3779
-3778
-3776
-3775
-3775
-3775
-3774
-3773
-3770
-3769
-3768
-3767
-3767
-3765
-3764
-3763
-3762
-3761
-3758
-3755
-3754
-3751
-3750
-3749
-3749
-3749
-3747
-3742
-3741
-3741
-3741
-3739
-3739
-3738
-3738
-3737
-3736
-3733
-3731
-3731
-3730
-3729
-3729
-3728
-3728
-3727
-3726
-3726
-3724
-3723
-3721
-3721
-3721
-3720
-3719
-3719
-3719
-3718
-3717
-3717
-3715
-3712
-3711
-3709
-3706
-3705
-3705
-3702
-3700
-3698
-3697
-3696
-3694
-3694
-3694
-3694
-3693
-3691
-3690
-3690
-3689
-3688
-3688
-3688
-3687
-3687
-3686
-3684
-3684
-3683
-3683
-3682
-3680
-3679
-3677
-3677
-3675
-3674
-3673
-3672
-3671
-3668
-3667
-3665
-3664
-3663
-3662
-3658
-3657
-3656
-3655
-3655
-3654
-3653
-3651
-3651
-3649
-3648
-3648
-3647
-3647
-3644
-3641
-3640
-3637
-3637
-3635
-3635
-3633
-3630
-3628
-3628
-3627
-3626
-3625
-3622
-3621
-3621
-3620
-3620
-3619
-3619
-3615
-3615
-3613
-3613
-3612
-3612
-3612
-3611
-3611
-3610
-3610
-3610
-3609
-3609
-3608
-3608
-3608
-3607
-3607
-3602
-3600
-3598
-3598
-3595
-3594
-3594
-3592
-3592
-3592
-3589
-3588
-3586
-3586
-3585
-3584
-3583
-3580
-3580
-3577
-3576
-3575
-3575
-3572
-3572
-3571
-3571
-3570
-3567
-3566
-3564
-3563
-3563
-3562
-3562
-3558
-3555
-3554
-3553
-3550
-3548
-3544
-3543
-3543
-3542
-3541
-3541
-3538
-3537
-3537
-3535
-3535
-3531
-3529
-3529
-3528
-3528
-3528
-3527
-3524
-3523
-3522
-3522
-3521
-3519
-3518
-3516
-3514
-3513
-3510
-3508
-3504
-3501
-3500
-3499
-3497
-3496
-3496
-3496
-3496
-3495
-3495
-3495
-3494
-3493
-3492
-3491
-3490
-3490
-3490
-3490
-3489
-3487
-3487
-3486
-3484
-3482
-3482
-3481
-3479
-3476
-3475
-3475
-3474
-3474
-3473
-3469
-3469
-3468
-3465
-3464
-3464
-3463
-3462
-3462
-3461
-3461
-3460
-3460
-3460
-3459
-3457
-3454
-3450
-3450
-3449
-3448
-3445
-3444
-3442
-3441
-3440
-3440
-3439
-3439
-3439
-3437
-3436
-3435
-3435
-3435
-3434
-3434
-3427
-3426
-3426
-3425
-3425
-3425
-3424
-3424
-3423
-3422
-3421
-3420
-3419
-3418
-3418
-3417
-3417
-3416
-3414
-3411
-3411
-3409
-3408
-3407
-3405
-3404
-3403
-3401
-3400
-3400
-3398
-3397
-3396
-3395
-3395
-3391
-3390
-3390
-3389
-3387
-3385
-3385
-3385
-3385
-3383
-3382
-3381
-3381
-3381
-3381
-3380
-3379
-3379
-3379
-3378
-3378
-3377
-3377
-3376
-3375
-3375
-3375
-3374
-3373
-3370
-3370
-3370
-3369
-3367
-3366
-3366
-3365
-3365
-3365
-3365
-3360
-3359
-3359
-3358
-3357
-3357
-3356
-3355
-3355
-3355
-3355
-3353
-3353
-3351
-3350
-3346
-3345
-3345
-3345
-3344
-3343
-3341
-3337
-3335
-3333
-3330
-3330
-3329
-3327
-3327
-3326
-3326
-3325
-3322
-3322
-3321
-3321
-3321
-3320
-3320
-3319
-3319
-3317
-3317
-3314
-3313
-3309
-3308
-3304
-3304
-3304
-3304
-3303
-3303
-3300
-3300
-3300
-3299
-3298
-3296
-3295
-3293
-3293
-3293
-3292
-3291
-3290
-3290
-3290
-3289
-3288
-3287
-3286
-3286
-3283
-3282
-3279
-3277
-3277
-3277
-3277
-3277
-3274
-3274
-3274
-3272
-3269
-3266
-3266
-3265
-3264
-3264
-3263
-3261
-3259
-3258
-3258
-3257
-3256
-3256
-3255
-3253
-3250
-3249
-3248
-3248
-3247
-3247
-3246
-3244
-3244
-3243
-3241
-3241
-3240
-3239
-3238
-3235
-3235
-3234
-3234
-3232
-3231
-3229
-3228
-3226
-3225
-3224
-3223
-3222
-3222
-3222
-3222
-3221
-3221
-3218
-3218
-3214
-3214
-3212
-3210
-3208
-3208
-3206
-3206
-3206
-3203
-3200
-3200
-3199
-3199
-3199
-3198
-3198
-3197
-3195
-3193
-3192
-3187
-3186
-3186
-3186
-3185
-3185
-3185
-3183
-3182
-3182
-3181
-3181
-3181
-3180
-3179
-3178
-3177
-3176
-3176
-3175
-3171
-3171
-3168
-3168
-3167
-3167
-3167
-3166
-3165
-3164
-3163
-3163
-3162
-3159
-3157
-3157
-3157
-3156
-3153
-3152
-3149
-3147
-3147
-3144
-3142
-3140
-3140
-3139
-3138
-3137
-3137
-3137
-3135
-3134
-3134
-3131
-3129
-3129
-3128
-3127
-3126
-3124
-3123
-3123
-3122
-3120
-3119
-3119
-3119
-3118
-3115
-3115
-3115
-3115
-3109
-3108
-3107
-3107
-3104
-3103
-3101
-3100
-3099
-3098
-3098
-3097
-3097
-3097
-3096
-3095
-3094
-3093
-3093
-3090
-3090
-3089
-3089
-3089
-3086
-3086
-3084
-3083
-3080
-3080
-3078
-3077
-3076
-3075
-3075
-3075
-3074
-3072
-3072
-3072
-3071
-3069
-3068
-3068
-3068
-3066
-3066
-3065
-3064
-3064
-3061
-3059
-3058
-3058
-3057
-3056
-3056
-3053
-3052
-3051
-3051
-3050
-3050
-3050
-3049
-3047
-3045
-3044
-3043
-3042
-3041
-3039
-3039
-3038
-3038
-3037
-3037
-3036
-3035
-3034
-3033
-3032
-3031
-3031
-3029
-3029
-3029
-3028
-3024
-3024
-3023
-3023
-3022
-3021
-3021
-3019
-3017
-3017
-3016
-3014
-3014
-3012
-3010
-3009
-3008
-3008
-3008
-3008
-3007
-3007
-3007
-3005
-3005
-3005
-3003
-3002
-3002
-3002
-3001
-3001
-3000
-3000
-3000
-2999
-2999
-2999
-2999
-2998
-2996
-2996
-2995
-2991
-2991
-2989
-2989
-2988
-2986
-2985
-2985
-2984
-2983
-2983
-2981
-2980
-2979
-2979
-2979
-2977
-2977
-2976
-2976
-2976
-2975
-2974
-2974
-2972
-2972
-2969
-2967
-2965
-2963
-2961
-2961
-2959
-2959
-2958
-2957
-2957
-2955
-2955
-2955
-2954
-2950
-2949
-2949
-2946
-2946
-2945
-2945
-2942
-2941
-2939
-2939
-2936
-2934
-2934
-2933
-2932
-2930
-2930
-2928
-2927
-2927
-2923
-2921
-2917
-2917
-2915
-2914
-2913
-2913
-2912
-2910
-2906
-2905
-2905
-2903
-2902
-2901
-2901
-2900
-2899
-2898
-2897
-2896
-2896
-2896
-2895
-2895
-2893
-2893
-2892
-2890
-2890
-2890
-2890
-2887
-2886
-2885
-2885
-2884
-2884
-2884
-2883
-2883
-2883
-2883
-2882
-2881
-2881
-2878
-2878
-2876
-2875
-2874
-2873
-2872
-2872
-2872
-2872
-2871
-2871
-2869
-2868
-2867
-2864
-2862
-2862
-2861
-2859
-2857
-2857
-2852
-2851
-2850
-2850
-2847
-2847
-2847
-2846
-2846
-2846
-2845
-2845
-2843
-2842
-2842
-2841
-2841
-2841
-2840
-2837
-2837
-2836
-2836
-2835
-2833
-2832
-2832
-2831
-2831
-2830
-2827
-2823
-2822
-2822
-2821
-2821
-2820
-2819
-2817
-2816
-2810
-2810
-2809
-2800
-2799
-2799
-2798
-2798
-2796
-2795
-2795
-2790
-2789
-2789
-2788
-2786
-2785
-2783
-2783
-2782
-2782
-2781
-2781
-2777
-2776
-2776
-2775
-2775
-2774
-2774
-2774
-2773
-2771
-2770
-2770
-2769
-2766
-2764
-2763
-2763
-2762
-2762
-2761
-2760
-2760
-2760
-2757
-2757
-2757
-2756
-2756
-2751
-2749
-2749
-2746
-2744
-2743
-2743
-2742
-2742
-2741
-2740
-2739
-2738
-2738
-2737
-2735
-2734
-2733
-2732
-2731
-2729
-2729
-2729
-2727
-2727
-2727
-2727
-2726
-2723
-2722
-2721
-2720
-2719
-2718
-2718
-2717
-2717
-2715
-2715
-2715
-2714
-2714
-2712
-2711
-2709
-2708
-2707
-2707
-2706
-2704
-2702
-2702
-2701
-2700
-2699
-2698
-2695
-2693
-2692
-2692
-2689
-2688
-2687
-2687
-2687
-2686
-2685
-2685
-2683
-2683
-2679
-2678
-2677
-2677
-2677
-2675
-2674
-2673
-2673
-2672
-2672
-2672
-2672
-2671
-2670
-2669
-2667
-2667
-2666
-2665
-2664
-2664
-2664
-2663
-2663
-2662
-2661
-2660
-2659
-2659
-2659
-2658
-2657
-2655
-2655
-2654
-2654
-2653
-2653
-2653
-2652
-2651
-2651
-2651
-2650
-2648
-2647
-2647
-2647
-2647
-2644
-2644
-2643
-2642
-2642
-2639
-2639
-2638
-2638
-2638
-2636
-2636
-2635
-2633
-2631
-2629
-2628
-2627
-2627
-2626
-2625
-2624
-2623
-2622
-2622
-2621
-2620
-2618
-2617
-2617
-2616
-2614
-2610
-2609
-2607
-2607
-2607
-2606
-2606
-2605
-2605
-2605
-2605
-2605
-2603
-2603
-2602
-2602
-2602
-2601
-2601
-2599
-2599
-2599
-2597
-2591
-2588
-2587
-2585
-2583
-2583
-2581
-2581
-2581
-2578
-2578
-2577
-2575
-2575
-2574
-2572
-2571
-2570
-2569
-2569
-2567
-2567
-2566
-2563
-2562
-2561
-2560
-2560
-2556
-2555
-2555
-2554
-2549
-2547
-2544
-2543
-2540
-2540
-2537
-2536
-2534
-2532
-2530
-2529
-2529
-2528
-2527
-2523
-2522
-2519
-2518
-2516
-2512
-2512
-2509
-2508
-2506
-2505
-2505
-2504
-2503
-2500
-2500
-2499
-2499
-2498
-2498
-2498
-2495
-2495
-2494
-2494
-2492
-2489
-2489
-2489
-2488
-2488
-2488
-2487
-2485
-2485
-2485
-2485
-2483
-2482
-2481
-2478
-2478
-2477
-2474
-2474
-2473
-2473
-2473
-2473
-2472
-2470
-2470
-2469
-2466
-2466
-2466
-2465
-2461
-2459
-2458
-2456
-2456
-2454
-2454
-2454
-2453
-2453
-2450
-2449
-2448
-2445
-2444
-2443
-2441
-2440
-2440
-2440
-2439
-2438
-2438
-2437
-2436
-2436
-2435
-2433
-2431
-2431
-2431
-2431
-2430
-2430
-2425
-2425
-2424
-2424
-2422
-2421
-2421
-2421
-2421
-2420
-2420
-2418
-2417
-2415
-2414
-2414
-2413
-2412
-2412
-2409
-2408
-2407
-2404
-2401
-2399
-2398
-2396
-2395
-2393
-2392
-2391
-2389
-2388
-2387
-2386
-2386
-2385
-2384
-2383
-2383
-2383
-2383
-2383
-2383
-2382
-2381
-2381
-2381
-2381
-2380
-2379
-2378
-2377
-2377
-2375
-2375
-2375
-2372
-2370
-2370
-2368
-2368
-2368
-2368
-2365
-2365
-2365
-2365
-2362
-2362
-2362
-2361
-2361
-2361
-2361
-2358
-2354
-2353
-2352
-2351
-2350
-2350
-2349
-2346
-2345
-2345
-2342
-2342
-2341
-2338
-2338
-2338
-2338
-2337
-2336
-2332
-2332
-2332
-2329
-2329
-2328
-2325
-2324
-2324
-2322
-2322
-2321
-2320
-2319
-2318
-2317
-2317
-2317
-2315
-2314
-2312
-2312
-2311
-2311
-2310
-2309
-2308
-2308
-2306
-2305
-2305
-2300
-2300
-2300
-2299
-2297
-2296
-2295
-2294
-2291
-2291
-2290
-2288
-2287
-2287
-2286
-2286
-2284
-2281
-2280
-2280
-2280
-2278
-2276
-2275
-2274
-2274
-2273
-2270
-2269
-2269
-2268
-2267
-2266
-2265
-2265
-2263
-2263
-2263
-2262
-2261
-2259
-2259
-2258
-2257
-2256
-2254
-2254
-2254
-2254
-2249
-2248
-2248
-2245
-2244
-2243
-2240
-2237
-2237
-2236
-2235
-2235
-2234
-2233
-2232
-2228
-2227
-2227
-2227
-2226
-2223
-2221
-2221
-2217
-2215
-2214
-2213
-2213
-2207
-2206
-2204
-2201
-2201
-2201
-2199
-2198
-2197
-2197
-2195
-2195
-2193
-2191
-2191
-2189
-2189
-2188
-2187
-2186
-2186
-2185
-2183
-2179
-2179
-2177
-2176
-2176
-2175
-2175
-2174
-2174
-2174
-2172
-2170
-2169
-2169
-2168
-2167
-2165
-2164
-2163
-2163
-2163
-2162
-2161
-2160
-2160
-2159
-2156
-2156
-2155
-2151
-2151
-2151
-2151
-2149
-2149
-2148
-2147
-2146
-2145
-2144
-2144
-2143
-2143
-2142
-2141
-2140
-2139
-2138
-2137
-2136
-2135
-2135
-2134
-2134
-2133
-2131
-2131
-2131
-2128
-2126
-2126
-2126
-2125
-2124
-2124
-2124
-2123
-2123
-2121
-2120
-2120
-2119
-2118
-2116
-2116
-2113
-2105
-2104
-2104
-2104
-2104
-2102
-2101
-2101
-2100
-2099
-2098
-2098
-2096
-2095
-2095
-2094
-2094
-2094
-2094
-2093
-2091
-2085
-2084
-2083
-2083
-2083
-2081
-2080
-2079
-2078
-2077
-2077
-2076
-2075
-2075
-2073
-2072
-2070
-2066
-2064
-2063
-2062
-2062
-2061
-2060
-2059
-2059
-2059
-2058
-2058
-2057
-2056
-2056
-2051
-2051
-2050
-2050
-2048
-2047
-2047
-2046
-2043
-2043
-2043
-2039
-2039
-2038
-2038
-2037
-2035
-2035
-2033
-2032
-2032
-2031
-2031
-2029
-2029
-2029
-2028
-2028
-2026
-2026
-2025
-2024
-2021
-2020
-2019
-2019
-2019
-2019
-2019
-2017
-2016
-2015
-2013
-2012
-2012
-2012
-2012
-2011
-2010
-2010
-2010
-2009
-2009
-2008
-2004
-2004
-2004
-2003
-2000
-2000
-1999
-1999
-1998
-1997
-1996
-1996
-1991
-1989
-1988
-1988
-1987
-1987
-1986
-1985
-1985
-1985
-1984
-1983
-1983
-1981
-1978
-1978
-1978
-1977
-1977
-1977
-1977
-1974
-1974
-1973
-1973
-1971
-1970
-1969
-1969
-1968
-1968
-1967
-1966
-1965
-1965
-1963
-1962
-1961
-1961
-1960
-1959
-1959
-1958
-1956
-1956
-1954
-1951
-1951
-1950
-1949
-1947
-1946
-1944
-1944
-1941
-1940
-1939
-1939
-1939
-1938
-1933
-1930
-1929
-1928
-1928
-1926
-1926
-1924
-1924
-1924
-1923
-1922
-1922
-1922
-1921
-1920
-1919
-1919
-1919
-1917
-1914
-1914
-1914
-1913
-1911
-1911
-1910
-1910
-1909
-1908
-1908
-1908
-1907
-1905
-1905
-1904
-1904
-1903
-1903
-1903
-1902
-1902
-1901
-1901
-1900
-1900
-1899
-1899
-1898
-1897
-1896
-1896
-1894
-1894
-1894
-1891
-1890
-1890
-1889
-1888
-1887
-1887
-1886
-1886
-1884
-1881
-1880
-1879
-1879
-1878
-1878
-1877
-1873
-1873
-1872
-1872
-1872
-1871
-1871
-1870
-1870
-1869
-1868
-1868
-1866
-1865
-1864
-1863
-1862
-1862
-1861
-1858
-1858
-1857
-1852
-1852
-1852
-1851
-1850
-1849
-1849
-1849
-1848
-1848
-1847
-1846
-1845
-1845
-1844
-1844
-1844
-1843
-1843
-1841
-1841
-1838
-1838
-1838
-1836
-1835
-1835
-1834
-1829
-1828
-1826
-1824
-1823
-1822
-1821
-1821
-1821
-1820
-1820
-1820
-1818
-1818
-1818
-1817
-1816
-1813
-1812
-1812
-1812
-1811
-1810
-1809
-1808
-1807
-1806
-1805
-1805
-1805
-1804
-1804
-1803
-1803
-1803
-1803
-1802
-1802
-1801
-1801
-1801
-1801
-1799
-1798
-1796
-1796
-1795
-1794
-1791
-1791
-1789
-1788
-1786
-1786
-1786
-1785
-1782
-1779
-1778
-1777
-1775
-1775
-1774
-1773
-1773
-1772
-1770
-1770
-1769
-1769
-1769
-1768
-1767
-1766
-1765
-1764
-1764
-1763
-1762
-1761
-1760
-1759
-1758
-1758
-1757
-1756
-1755
-1754
-1754
-1753
-1752
-1751
-1749
-1748
-1748
-1747
-1747
-1746
-1745
-1745
-1745
-1744
-1744
-1744
-1742
-1741
-1738
-1737
-1736
-1733
-1730
-1729
-1729
-1728
-1728
-1726
-1723
-1723
-1722
-1721
-1721
-1718
-1718
-1717
-1717
-1716
-1715
-1714
-1713
-1713
-1711
-1711
-1711
-1710
-1709
-1708
-1708
-1707
-1707
-1707
-1707
-1707
-1707
-1705
-1702
-1702
-1702
-1701
-1701
-1699
-1699
-1698
-1697
-1697
-1695
-1695
-1694
-1694
-1694
-1694
-1693
-1693
-1692
-1692
-1690
-1689
-1689
-1689
-1688
-1687
-1686
-1686
-1685
-1685
-1684
-1683
-1683
-1682
-1682
-1682
-1680
-1679
-1678
-1678
-1676
-1676
-1674
-1672
-1672
-1672
-1671
-1671
-1670
-1670
-1669
-1669
-1667
-1665
-1664
-1662
-1661
-1661
-1661
-1660
-1659
-1658
-1657
-1657
-1652
-1652
-1651
-1651
-1650
-1647
-1647
-1646
-1645
-1643
-1643
-1642
-1642
-1642
-1637
-1634
-1634
-1632
-1631
-1630
-1629
-1627
-1626
-1626
-1624
-1624
-1623
-1621
-1621
-1618
-1618
-1617
-1615
-1615
-1615
-1614
-1612
-1612
-1611
-1611
-1611
-1610
-1610
-1609
-1609
-1609
-1607
-1606
-1606
-1603
-1603
-1599
-1596
-1596
-1595
-1595
-1595
-1594
-1594
-1592
-1590
-1589
-1589
-1589
-1587
-1587
-1587
-1585
-1584
-1583
-1583
-1582
-1582
-1582
-1581
-1580
-1580
-1580
-1578
-1578
-1577
-1577
-1577
-1575
-1575
-1575
-1572
-1571
-1570
-1570
-1570
-1567
-1566
-1566
-1566
-1565
-1564
-1564
-1563
-1563
-1562
-1561
-1560
-1560
-1560
-1559
-1558
-1557
-1557
-1555
-1555
-1552
-1552
-1551
-1551
-1550
-1550
-1548
-1547
-1547
-1546
-1544
-1542
-1542
-1541
-1541
-1539
-1539
-1534
-1532
-1530
-1529
-1529
-1529
-1528
-1527
-1526
-1525
-1524
-1524
-1524
-1523
-1523
-1521
-1521
-1520
-1519
-1517
-1517
-1515
-1515
-1514
-1514
-1513
-1513
-1513
-1513
-1509
-1509
-1508
-1506
-1505
-1504
-1502
-1501
-1500
-1498
-1497
-1497
-1497
-1497
-1497
-1496
-1495
-1495
-1494
-1494
-1493
-1489
-1488
-1488
-1488
-1487
-1487
-1486
-1484
-1484
-1481
-1481
-1481
-1480
-1480
-1479
-1479
-1479
-1477
-1476
-1475
-1475
-1475
-1474
-1468
-1466
-1466
-1465
-1465
-1464
-1463
-1463
-1462
-1461
-1461
-1460
-1459
-1457
-1456
-1455
-1453
-1451
-1449
-1448
-1446
-1446
-1446
-1445
-1444
-1443
-1439
-1438
-1438
-1437
-1437
-1435
-1434
-1426
-1425
-1425
-1425
-1424
-1424
-1418
-1418
-1416
-1415
-1415
-1413
-1413
-1413
-1409
-1408
-1406
-1405
-1403
-1403
-1402
-1402
-1400
-1400
-1396
-1394
-1393
-1393
-1392
-1391
-1391
-1391
-1390
-1390
-1389
-1388
-1388
-1388
-1386
-1384
-1384
-1384
-1383
-1382
-1379
-1375
-1374
-1374
-1374
-1373
-1372
-1368
-1368
-1366
-1366
-1364
-1364
-1363
-1362
-1362
-1362
-1361
-1360
-1357
-1356
-1356
-1354
-1352
-1352
-1351
-1351
-1350
-1349
-1349
-1349
-1349
-1347
-1347
-1347
-1345
-1344
-1344
-1338
-1336
-1336
-1335
-1335
-1335
-1335
-1335
-1334
-1333
-1332
-1332
-1331
-1331
-1330
-1329
-1329
-1328
-1327
-1326
-1326
-1325
-1325
-1323
-1322
-1321
-1320
-1319
-1318
-1317
-1316
-1316
-1314
-1310
-1310
-1306
-1306
-1305
-1303
-1303
-1302
-1299
-1298
-1298
-1297
-1294
-1293
-1291
-1291
-1290
-1289
-1289
-1288
-1287
-1287
-1285
-1285
-1284
-1283
-1283
-1283
-1283
-1282
-1281
-1281
-1279
-1279
-1278
-1276
-1276
-1276
-1275
-1273
-1273
-1273
-1273
-1271
-1268
-1265
-1265
-1265
-1262
-1261
-1261
-1261
-1259
-1258
-1257
-1257
-1256
-1256
-1255
-1250
-1250
-1250
-1250
-1249
-1247
-1244
-1243
-1242
-1241
-1240
-1239
-1239
-1239
-1236
-1234
-1233
-1232
-1230
-1229
-1229
-1228
-1223
-1222
-1221
-1221
-1219
-1218
-1218
-1216
-1216
-1215
-1213
-1213
-1213
-1213
-1212
-1212
-1209
-1208
-1206
-1206
-1204
-1203
-1201
-1200
-1199
-1199
-1199
-1199
-1198
-1198
-1198
-1197
-1197
-1195
-1195
-1194
-1193
-1192
-1192
-1191
-1189
-1188
-1187
-1186
-1184
-1183
-1183
-1182
-1181
-1181
-1181
-1180
-1180
-1178
-1178
-1177
-1176
-1172
-1172
-1172
-1171
-1171
-1170
-1169
-1164
-1164
-1162
-1161
-1160
-1155
-1155
-1155
-1154
-1152
-1152
-1150
-1150
-1150
-1149
-1148
-1148
-1147
-1146
-1145
-1144
-1139
-1136
-1134
-1134
-1133
-1131
-1131
-1129
-1127
-1126
-1126
-1125
-1125
-1125
-1123
-1123
-1123
-1123
-1122
-1122
-1121
-1120
-1120
-1119
-1115
-1114
-1112
-1112
-1112
-1110
-1109
-1109
-1109
-1107
-1106
-1105
-1105
-1103
-1101
-1099
-1099
-1097
-1096
-1096
-1095
-1093
-1093
-1092
-1091
-1091
-1090
-1088
-1088
-1088
-1087
-1086
-1085
-1084
-1082
-1080
-1079
-1079
-1076
-1074
-1074
-1072
-1071
-1071
-1070
-1067
-1067
-1066
-1063
-1062
-1061
-1057
-1056
-1055
-1053
-1052
-1051
-1051
-1049
-1048
-1044
-1044
-1044
-1044
-1043
-1042
-1042
-1041
-1040
-1039
-1039
-1038
-1036
-1036
-1036
-1034
-1034
-1033
-1032
-1032
-1031
-1031
-1031
-1030
-1029
-1029
-1026
-1026
-1025
-1025
-1023
-1022
-1022
-1020
-1019
-1019
-1015
-1015
-1015
-1012
-1011
-1010
-1009
-1009
-1008
-1007
-1007
-1003
-1000
-1000
-999
-997
-996
-996
-996
-996
-996
-992
-991
-990
-987
-987
-986
-986
-985
-985
-985
-984
-982
-981
-981
-980
-979
-979
-979
-978
-977
-977
-972
-970
-970
-965
-964
-962
-961
-960
-960
-957
-957
-955
-955
-952
-952
-950
-950
-950
-949
-949
-948
-948
-947
-946
-946
-946
-944
-943
-939
-938
-935
-935
-934
-933
-932
-931
-931
-929
-929
-928
-928
-926
-926
-924
-923
-923
-921
-920
-920
-919
-919
-914
-913
-912
-911
-911
-911
-910
-908
-908
-907
-905
-905
-904
-904
-901
-900
-900
-897
-896
-896
-895
-894
-893
-893
-892
-891
-889
-888
-886
-886
-885
-885
-885
-884
-883
-881
-881
-881
-878
-877
-873
-873
-872
-871
-868
-865
-865
-865
-864
-863
-862
-861
-860
-860
-858
-858
-857
-857
-855
-855
-854
-854
-853
-852
-851
-850
-850
-850
-848
-848
-847
-844
-843
-843
-842
-841
-840
-839
-838
-838
-836
-836
-835
-834
-831
-830
-828
-827
-827
-824
-823
-823
-823
-822
-822
-821
-821
-821
-820
-820
-819
-816
-816
-816
-815
-815
-814
-814
-813
-812
-812
-808
-808
-808
-807
-806
-805
-804
-802
-802
-802
-801
-800
-799
-798
-797
-797
-796
-792
-791
-790
-789
-789
-787
-787
-784
-781
-781
-780
-780
-779
-779
-778
-776
-776
-775
-773
-773
-773
-772
-772
-771
-771
-770
-770
-770
-768
-768
-768
-767
-767
-765
-763
-763
-763
-763
-762
-761
-760
-758
-756
-755
-755
-753
-752
-751
-750
-750
-748
-748
-745
-745
-742
-741
-741
-740
-740
-738
-737
-734
-731
-730
-730
-730
-729
-729
-728
-728
-727
-726
-725
-725
-724
-723
-723
-723
-723
-722
-720
-718
-717
-717
-716
-715
-714
-713
-712
-712
-712
-711
-711
-710
-710
-709
-708
-708
-707
-707
-706
-702
-701
-701
-701
-700
-698
-698
-697
-695
-695
-694
-693
-692
-690
-688
-688
-688
-686
-686
-685
-685
-685
-685
-684
-684
-683
-682
-682
-680
-679
-679
-679
-677
-676
-675
-672
-670
-670
-670
-669
-666
-665
-665
-664
-664
-664
-664
-662
-660
-660
-659
-659
-656
-655
-654
-654
-653
-652
-652
-651
-651
-650
-649
-648
-647
-647
-646
-646
-645
-644
-643
-642
-641
-641
-640
-640
-639
-639
-637
-637
-637
-636
-636
-635
-635
-635
-633
-633
-632
-631
-631
-626
-626
-625
-625
-623
-623
-623
-622
-622
-620
-619
-617
-616
-614
-613
-611
-611
-607
-606
-606
-606
-605
-603
-602
-602
-601
-599
-597
-597
-597
-596
-595
-594
-593
-593
-590
-589
-589
-587
-586
-584
-583
-583
-583
-582
-582
-575
-575
-575
-574
-573
-573
-571
-568
-568
-566
-566
-564
-563
-563
-562
-562
-562
-559
-559
-559
-559
-557
-556
-556
-554
-554
-552
-551
-551
-550
-550
-548
-544
-541
-539
-539
-538
-537
-536
-536
-536
-535
-533
-532
-531
-528
-528
-527
-527
-526
-526
-525
-525
-524
-521
-520
-520
-520
-519
-517
-515
-515
-515
-514
-511
-509
-509
-508
-508
-507
-506
-506
-506
-506
-505
-502
-502
-502
-501
-498
-497
-497
-497
-496
-496
-494
-492
-490
-489
-488
-487
-486
-485
-485
-484
-484
-484
-484
-482
-482
-481
-480
-480
-477
-476
-475
-473
-468
-468
-466
-464
-463
-462
-462
-461
-460
-460
-458
-457
-457
-457
-456
-455
-452
-452
-451
-450
-450
-448
-447
-447
-447
-446
-446
-445
-444
-441
-441
-441
-440
-440
-440
-438
-437
-437
-436
-435
-430
-429
-428
-427
-425
-425
-424
-423
-421
-421
-420
-419
-417
-416
-415
-415
-414
-411
-411
-411
-410
-410
-410
-409
-407
-407
-407
-405
-404
-403
-400
-399
-399
-397
-396
-396
-396
-394
-394
-393
-393
-388
-387
-385
-384
-384
-383
-382
-381
-381
-380
-377
-377
-376
-376
-376
-375
-375
-375
-371
-371
-371
-368
-366
-365
-362
-359
-358
-358
-356
-355
-355
-354
-354
-353
-353
-352
-352
-351
-349
-348
-348
-345
-344
-342
-342
-340
-340
-339
-339
-338
-338
-338
-336
-336
-334
-334
-334
-333
-332
-331
-331
-331
-330
-329
-326
-325
-323
-322
-322
-321
-320
-319
-319
-318
-316
-315
-315
-314
-313
-311
-311
-310
-310
-310
-304
-304
-303
-303
-303
-302
-301
-300
-298
-296
-294
-294
-293
-293
-292
-288
-288
-288
-285
-284
-283
-281
-279
-279
-278
-278
-277
-277
-274
-273
-273
-271
-271
-270
-270
-268
-268
-266
-266
-265
-265
-263
-263
-261
-258
-255
-253
-253
-252
-250
-249
-249
-249
-248
-247
-246
-244
-244
-242
-242
-241
-240
-239
-236
-234
-233
-233
-231
-229
-229
-229
-228
-226
-225
-225
-224
-223
-221
-220
-220
-219
-218
-217
-216
-216
-212
-210
-210
-209
-209
-208
-206
-204
-203
-202
-202
-201
-200
-199
-197
-196
-194
-194
-193
-191
-191
-189
-188
-188
-188
-187
-186
-184
-183
-182
-181
-181
-181
-181
-179
-178
-177
-174
-173
-173
-172
-172
-170
-170
-169
-168
-168
-167
-166
-165
-164
-162
-161
-161
-161
-159
-159
-158
-157
-157
-156
-154
-152
-152
-151
-150
-149
-148
-148
-148
-147
-146
-145
-144
-142
-142
-142
-141
-141
-141
-138
-136
-134
-134
-133
-130
-128
-126
-126
-125
-125
-124
-123
-119
-117
-116
-116
-116
-115
-112
-112
-110
-108
-108
-107
-106
-105
-105
-104
-102
-102
-102
-100
-100
-99
-99
-97
-97
-96
-95
-95
-94
-93
-92
-91
-91
-90
-87
-86
-84
-84
-82
-80
-79
-79
-78
-77
-76
-74
-73
-73
-72
-72
-71
-70
-69
-66
-65
-65
-64
-64
-63
-61
-61
-60
-60
-60
-59
-57
-55
-53
-51
-51
-51
-51
-50
-47
-47
-45
-45
-44
-43
-40
-40
-39
-36
-34
-32
-29
-29
-28
-27
-25
-25
-24
-22
-22
-21
-20
-20
-20
-20
-20
-19
-18
-17
-17
-17
-16
-16
-16
-11
-11
-9
-9
-8
-7
-5
-4
-3
-2
-1
0
0
1
2
2
5
6
8
10
10
11
11
11
12
14
15
16
16
17
18
18
19
19
20
21
21
21
22
23
24
24
24
24
24
26
28
28
31
32
33
33
35
37
37
38
38
39
41
41
41
42
43
44
46
49
49
49
51
51
53
55
56
61
64
64
65
66
66
67
68
70
73
78
78
78
79
82
82
84
84
85
88
89
90
90
91
93
93
93
94
95
97
98
98
101
101
104
106
107
109
109
110
111
113
113
114
115
115
118
119
119
120
121
122
122
124
127
127
129
129
129
130
132
133
134
134
134
135
135
136
136
137
139
140
140
141
148
149
149
149
150
151
151
152
154
154
154
155
155
157
159
161
163
163
164
164
166
167
169
169
170
170
170
171
173
174
176
176
176
176
176
177
177
179
179
180
181
181
182
183
184
185
187
189
191
193
193
193
193
195
197
197
197
198
200
200
201
201
202
205
205
206
207
207
208
208
211
211
212
213
213
213
214
215
216
216
216
217
217
219
219
219
219
220
221
222
222
226
226
229
229
231
231
235
236
238
238
239
239
240
241
242
243
244
246
249
249
250
250
250
250
251
251
254
256
256
258
258
260
260
260
261
263
268
270
271
271
272
274
274
274
275
275
276
276
276
278
278
279
279
280
280
281
281
282
283
283
283
283
284
286
288
288
289
290
292
292
293
293
294
295
296
297
299
300
302
302
302
307
307
307
310
313
314
314
316
320
321
322
323
323
323
325
325
325
325
326
329
329
329
330
330
333
334
335
335
335
335
336
336
336
337
337
337
338
338
339
340
340
342
343
343
344
345
345
346
347
349
349
350
350
352
352
352
352
354
354
356
356
357
358
359
361
363
363
363
364
365
366
367
367
368
369
369
371
371
372
372
374
375
375
376
378
378
380
380
380
383
387
389
390
390
391
391
392
392
392
393
393
394
395
396
396
397
398
399
399
401
401
402
405
405
406
406
407
408
409
409
411
412
413
415
415
416
416
418
418
419
419
419
420
420
421
425
427
428
428
431
433
433
434
437
438
438
439
441
442
443
444
444
444
445
446
446
447
448
448
448
449
452
452
453
453
454
455
455
456
456
457
458
460
461
462
464
468
468
468
469
470
470
471
472
473
474
474
475
475
476
476
476
476
477
478
479
480
481
481
484
484
484
488
493
493
494
494
497
497
497
498
499
501
501
502
503
503
504
505
505
508
509
509
510
510
511
512
514
514
514
515
515
516
519
519
519
520
520
521
521
522
522
522
523
524
524
526
530
530
531
531
532
535
535
536
536
536
536
537
537
538
539
540
540
542
542
543
543
543
544
544
544
547
548
551
552
554
554
555
555
557
557
558
559
560
560
560
561
561
563
564
565
565
567
567
569
570
572
574
574
576
576
576
577
577
577
577
577
580
582
582
583
583
584
585
585
585
586
588
588
588
589
589
590
590
591
593
593
594
594
596
597
599
601
601
601
603
603
604
607
608
610
611
612
612
613
613
614
616
619
619
620
621
623
623
625
626
627
628
630
631
633
634
635
636
637
640
640
641
642
642
642
643
644
644
645
645
646
646
647
649
652
653
653
656
656
657
657
658
661
664
666
666
668
670
670
670
671
672
673
673
674
675
679
679
680
681
682
682
682
683
684
684
686
688
689
690
690
690
691
692
693
694
696
696
697
698
698
699
699
700
702
704
704
705
706
706
706
707
708
710
711
712
712
715
720
720
720
722
723
725
725
727
727
727
728
729
731
732
733
734
734
735
736
737
738
738
739
739
739
739
742
742
743
743
745
746
746
746
746
747
749
749
752
753
753
754
757
758
758
758
762
764
766
766
767
767
768
769
771
772
774
774
775
776
777
778
779
779
779
780
780
780
781
784
784
785
785
785
787
788
788
789
789
789
789
790
790
791
792
792
794
795
796
797
800
800
800
802
802
805
806
808
809
811
811
811
812
812
813
814
814
815
817
818
820
821
821
822
826
826
828
830
833
833
834
834
837
838
838
841
844
844
844
844
846
846
848
849
851
851
853
855
855
857
858
859
859
861
861
862
862
863
865
868
868
869
870
871
871
872
872
873
874
876
877
880
880
884
885
887
887
892
893
895
895
895
896
896
897
899
900
901
902
902
902
903
904
904
904
905
906
906
907
907
907
907
910
910
912
914
916
916
916
916
916
917
917
917
918
918
920
924
925
925
926
926
930
931
931
932
932
932
934
935
937
939
940
942
943
944
945
945
945
946
947
947
949
949
950
950
951
955
955
956
956
959
959
960
961
962
962
963
964
964
965
966
967
967
968
968
969
969
972
972
973
973
977
978
978
980
981
981
981
982
985
985
986
987
988
988
990
991
991
993
994
995
995
1000
1000
1003
1004
1006
1006
1006
1007
1007
1007
1009
1009
1010
1010
1010
1011
1012
1012
1013
1014
1014
1018
1018
1019
1019
1020
1022
1023
1023
1023
1023
1024
1024
1025
1025
1025
1026
1031
1035
1035
1035
1036
1036
1038
1038
1038
1039
1041
1043
1043
1044
1046
1046
1046
1047
1049
1049
1050
1050
1052
1053
1053
1053
1054
1056
1059
1059
1060
1061
1061
1062
1062
1063
1063
1064
1064
1064
1064
1064
1065
1066
1066
1067
1069
1070
1071
1071
1071
1072
1072
1073
1073
1073
1074
1074
1075
1078
1082
1083
1083
1084
1085
1087
1089
1090
1090
1091
1092
1093
1093
1096
1096
1096
1097
1099
1100
1106
1106
1106
1107
1108
1109
1114
1114
1115
1115
1115
1116
1117
1118
1118
1118
1119
1120
1121
1123
1124
1125
1125
1126
1127
1129
1130
1131
1131
1132
1132
1132
1134
1135
1135
1137
1140
1140
1140
1140
1142
1142
1144
1145
1145
1145
1145
1147
1147
1150
1150
1150
1151
1151
1155
1158
1158
1158
1159
1160
1160
1161
1161
1166
1168
1169
1171
1172
1178
1179
1179
1181
1181
1185
1185
1185
1186
1187
1189
1189
1192
1192
1193
1194
1194
1195
1195
1196
1196
1199
1199
1201
1203
1204
1206
1207
1210
1212
1212
1214
1215
1216
1217
1217
1218
1219
1221
1222
1223
1224
1227
1227
1228
1229
1232
1232
1233
1233
1236
1238
1239
1239
1240
1240
1243
1243
1246
1246
1248
1249
1250
1251
1252
1253
1254
1255
1256
1256
1257
1258
1259
1261
1262
1262
1263
1263
1264
1265
1265
1266
1266
1266
1266
1267
1269
1270
1271
1273
1276
1276
1278
1279
1279
1282
1283
1284
1287
1287
1288
1289
1290
1291
1291
1293
1294
1295
1296
1296
1300
1300
1301
1302
1302
1302
1302
1302
1303
1303
1303
1304
1305
1306
1307
1308
1308
1309
1309
1310
1310
1313
1314
1315
1316
1316
1319
1319
1320
1321
1324
1324
1325
1326
1326
1329
1330
1331
1331
1332
1333
1334
1335
1336
1337
1340
1345
1347
1347
1348
1349
1350
1352
1352
1353
1354
1355
1358
1358
1359
1361
1362
1362
1363
1365
1369
1370
1370
1372
1372
1373
1377
1377
1377
1379
1380
1380
1381
1382
1383
1383
1384
1386
1387
1387
1389
1389
1390
1392
1393
1393
1394
1394
1395
1397
1399
1400
1401
1401
1401
1402
1403
1404
1404
1407
1407
1409
1410
1412
1412
1413
1414
1416
1417
1417
1421
1421
1422
1422
1423
1423
1425
1428
1429
1429
1430
1431
1432
1433
1433
1433
1434
1434
1434
1437
1437
1438
1438
1439
1439
1440
1441
1442
1443
1443
1445
1445
1448
1448
1449
1449
1450
1451
1452
1453
1453
1454
1454
1454
1455
1457
1457
1458
1459
1460
1460
1461
1461
1462
1463
1463
1464
1465
1465
1465
1465
1467
1469
1469
1472
1473
1473
1473
1473
1474
1475
1475
1475
1477
1478
1478
1479
1479
1479
1480
1483
1483
1483
1485
1486
1486
1486
1486
1486
1487
1490
1490
1491
1491
1493
1500
1500
1501
1501
1503
1505
1505
1507
1508
1511
1512
1518
1518
1522
1524
1525
1525
1526
1527
1528
1530
1530
1530
1531
1532
1534
1535
1536
1537
1540
1540
1541
1541
1542
1543
1544
1545
1545
1545
1546
1548
1548
1549
1552
1553
1553
1553
1557
1557
1559
1559
1560
1560
1561
1561
1561
1562
1562
1563
1564
1564
1565
1565
1567
1568
1571
1571
1572
1575
1576
1576
1577
1577
1579
1580
1580
1581
1582
1583
1584
1584
1584
1588
1589
1590
1591
1592
1593
1594
1594
1594
1595
1599
1602
1605
1606
1606
1607
1607
1608
1608
1609
1609
1613
1613
1613
1616
1616
1617
1617
1618
1619
1620
1620
1621
1623
1624
1625
1627
1631
1631
1633
1634
1636
1636
1636
1638
1639
1640
1642
1642
1642
1642
1643
1644
1644
1645
1646
1647
1648
1648
1649
1649
1651
1653
1654
1654
1656
1657
1660
1662
1663
1665
1665
1668
1669
1670
1670
1672
1672
1673
1673
1674
1675
1676
1676
1676
1678
1682
1684
1685
1689
1689
1689
1690
1690
1691
1691
1691
1693
1693
1695
1695
1695
1695
1696
1697
1698
1699
1700
1703
1704
1706
1707
1710
1711
1711
1712
1713
1714
1716
1716
1718
1719
1721
1722
1723
1724
1724
1725
1725
1727
1729
1729
1730
1730
1732
1733
1734
1735
1735
1736
1737
1737
1739
1741
1742
1743
1744
1745
1745
1746
1747
1748
1748
1749
1749
1749
1750
1750
1751
1752
1752
1752
1753
1753
1753
1756
1758
1760
1760
1761
1762
1763
1765
1765
1765
1766
1766
1767
1768
1768
1770
1770
1770
1771
1773
1775
1775
1776
1779
1779
1779
1786
1787
1790
1790
1795
1797
1798
1799
1799
1799
1799
1800
1802
1807
1808
1809
1813
1814
1816
1817
1817
1819
1823
1824
1824
1825
1826
1827
1828
1831
1834
1835
1836
1837
1840
1844
1844
1844
1846
1846
1847
1849
1851
1852
1853
1854
1854
1854
1857
1858
1858
1860
1861
1862
1863
1865
1868
1868
1868
1868
1869
1869
1870
1874
1875
1875
1875
1876
1877
1879
1882
1883
1883
1884
1884
1885
1886
1886
1886
1887
1889
1890
1890
1890
1890
1894
1894
1894
1894
1897
1899
1900
1901
1902
1903
1903
1903
1905
1905
1905
1905
1906
1906
1906
1907
1908
1912
1913
1913
1913
1914
1917
1918
1918
1919
1919
1923
1924
1925
1926
1927
1927
1928
1928
1930
1931
1932
1933
1933
1935
1936
1937
1938
1938
1939
1939
1940
1940
1940
1941
1942
1943
1943
1943
1944
1945
1946
1947
1947
1947
1949
1950
1950
1951
1951
1951
1952
1952
1957
1957
1960
1960
1962
1962
1964
1966
1967
1967
1967
1968
1968
1969
1969
1970
1970
1971
1972
1974
1974
1974
1974
1975
1975
1976
1976
1977
1977
1979
1979
1980
1981
1982
1983
1983
1984
1984
1986
1987
1989
1989
1990
1990
1990
1991
1991
1993
1993
1993
1993
1994
1995
1995
1995
1999
1999
2002
2003
2004
2004
2005
2005
2006
2008
2009
2009
2010
2012
2012
2013
2014
2015
2017
2020
2022
2022
2023
2025
2025
2026
2030
2031
2032
2032
2032
2033
2034
2035
2037
2038
2038
2039
2040
2042
2042
2043
2044
2045
2047
2058
2059
2060
2060
2061
2061
2061
2062
2062
2065
2066
2066
2067
2067
2068
2068
2069
2070
2071
2072
2072
2073
2073
2076
2078
2078
2079
2080
2081
2081
2081
2084
2084
2087
2087
2087
2088
2089
2090
2091
2093
2093
2093
2094
2096
2097
2098
2101
2101
2101
2102
2103
2104
2105
2106
2110
2110
2112
2113
2114
2114
2114
2114
2115
2116
2117
2117
2118
2120
2121
2125
2125
2125
2125
2126
2126
2127
2128
2129
2129
2130
2131
2132
2135
2136
2136
2137
2139
2142
2142
2143
2144
2147
2148
2149
2150
2151
2152
2152
2152
2152
2153
2158
2158
2159
2159
2160
2160
2162
2163
2163
2164
2165
2165
2166
2166
2166
2167
2168
2171
2171
2171
2172
2173
2173
2173
2174
2174
2174
2175
2175
2175
2178
2179
2179
2182
2183
2184
2184
2187
2187
2188
2188
2189
2189
2189
2190
2190
2190
2193
2193
2194
2197
2198
2198
2198
2199
2200
2203
2203
2205
2205
2205
2206
2209
2210
2211
2211
2211
2211
2213
2213
2214
2215
2215
2217
2218
2219
2223
2223
2224
2224
2224
2227
2229
2230
2230
2230
2232
2232
2232
2233
2234
2235
2236
2236
2238
2239
2241
2241
2241
2242
2243
2246
2248
2248
2251
2253
2253
2254
2255
2255
2258
2259
2259
2259
2260
2261
2262
2263
2265
2266
2267
2267
2272
2272
2275
2275
2276
2277
2277
2277
2277
2278
2280
2283
2284
2284
2284
2286
2286
2288
2289
2290
2290
2291
2294
2295
2297
2298
2299
2300
2301
2303
2303
2304
2305
2306
2307
2310
2310
2312
2315
2316
2316
2317
2317
2321
2325
2325
2326
2326
2328
2329
2330
2331
2331
2331
2332
2332
2335
2335
2337
2337
2338
2339
2340
2340
2341
2342
2344
2346
2348
2349
2349
2349
2352
2355
2356
2356
2357
2358
2359
2359
2361
2362
2363
2364
2365
2365
2366
2367
2370
2372
2374
2375
2375
2376
2376
2377
2379
2379
2379
2379
2380
2381
2381
2382
2383
2385
2385
2385
2388
2389
2391
2391
2392
2393
2395
2396
2396
2397
2397
2398
2399
2400
2401
2401
2401
2401
2402
2402
2403
2407
2407
2409
2409
2412
2412
2413
2414
2415
2416
2417
2419
2420
2421
2422
2423
2425
2427
2427
2430
2430
2434
2434
2435
2435
2438
2438
2438
2439
2441
2442
2443
2445
2446
2447
2447
2448
2448
2448
2449
2449
2451
2452
2452
2453
2454
2457
2458
2459
2459
2460
2462
2464
2464
2465
2466
2467
2468
2469
2471
2472
2472
2474
2475
2475
2475
2477
2478
2479
2480
2483
2484
2485
2487
2487
2488
2488
2490
2492
2493
2493
2494
2496
2496
2497
2498
2498
2498
2498
2499
2500
2502
2503
2503
2504
2506
2507
2508
2508
2509
2509
2511
2511
2513
2514
2515
2515
2516
2516
2516
2518
2518
2520
2521
2522
2522
2522
2523
2525
2525
2528
2528
2529
2529
2529
2530
2530
2533
2534
2534
2534
2535
2535
2537
2537
2537
2537
2539
2543
2543
2544
2544
2545
2546
2546
2547
2547
2548
2548
2549
2550
2552
2553
2554
2554
2554
2557
2557
2560
2560
2561
2561
2561
2562
2562
2563
2563
2564
2564
2565
2565
2566
2568
2569
2570
2570
2571
2571
2571
2572
2572
2572
2573
2573
2574
2575
2575
2575
2576
2576
2576
2577
2578
2580
2580
2581
2581
2581
2581
2582
2582
2583
2584
2584
2587
2589
2589
2590
2591
2593
2596
2596
2599
2603
2604
2606
2606
2607
2607
2609
2610
2611
2612
2613
2613
2614
2615
2615
2618
2620
2620
2621
2623
2623
2624
2625
2625
2626
2626
2627
2628
2630
2630
2631
2631
2632
2633
2634
2635
2636
2637
2637
2639
2640
2641
2642
2642
2642
2643
2644
2644
2645
2649
2650
2652
2653
2655
2656
2658
2659
2660
2660
2661
2662
2662
2662
2662
2662
2663
2664
2665
2667
2669
2670
2671
2671
2675
2675
2677
2678
2678
2679
2680
2680
2683
2684
2686
2686
2687
2688
2689
2689
2691
2691
2692
2693
2693
2696
2697
2698
2698
2700
2700
2701
2701
2702
2702
2704
2705
2705
2705
2706
2707
2707
2707
2708
2711
2711
2712
2713
2713
2716
2719
2719
2720
2720
2721
2723
2723
2724
2724
2724
2725
2725
2726
2728
2729
2731
2732
2732
2732
2735
2736
2737
2737
2738
2739
2739
2739
2740
2740
2741
2741
2742
2743
2744
2746
2746
2747
2748
2748
2748
2749
2752
2752
2752
2752
2753
2754
2756
2756
2757
2757
2760
2760
2760
2760
2760
2762
2766
2767
2768
2769
2771
2771
2771
2772
2774
2774
2775
2776
2777
2784
2784
2787
2789
2790
2792
2792
2795
2799
2800
2800
2800
2800
2802
2803
2804
2805
2805
2806
2807
2808
2811
2815
2815
2816
2818
2819
2819
2820
2820
2821
2823
2824
2825
2826
2828
2831
2831
2831
2832
2832
2833
2834
2835
2837
2838
2838
2840
2840
2841
2841
2842
2843
2843
2843
2843
2845
2848
2850
2850
2851
2852
2853
2855
2857
2858
2859
2860
2861
2863
2864
2867
2868
2870
2872
2874
2875
2877
2882
2883
2885
2885
2887
2888
2890
2891
2892
2895
2896
2897
2898
2899
2899
2899
2900
2901
2903
2905
2905
2907
2908
2908
2908
2909
2909
2910
2911
2911
2911
2911
2912
2915
2915
2915
2915
2916
2916
2917
2921
2921
2922
2924
2926
2927
2927
2928
2928
2929
2929
2930
2930
2931
2932
2933
2934
2934
2934
2935
2936
2938
2939
2940
2940
2941
2944
2945
2945
2947
2947
2950
2950
2950
2950
2951
2951
2951
2952
2952
2953
2954
2954
2955
2957
2958
2958
2958
2958
2960
2960
2963
2963
2963
2964
2964
2965
2966
2967
2970
2972
2972
2972
2973
2974
2975
2977
2978
2978
2984
2984
2986
2988
2989
2989
2990
2993
2993
2995
2996
2996
2998
3000
3002
3003
3003
3004
3004
3006
3006
3006
3008
3010
3012
3013
3013
3014
3016
3017
3017
3018
3018
3021
3021
3021
3023
3023
3025
3025
3026
3029
3029
3030
3031
3032
3033
3033
3033
3034
3035
3038
3038
3039
3041
3042
3042
3042
3043
3044
3045
3047
3049
3052
3055
3056
3057
3058
3058
3059
3060
3060
3060
3061
3062
3062
3063
3064
3069
3070
3071
3076
3076
3079
3079
3079
3079
3080
3080
3084
3084
3085
3085
3086
3086
3087
3087
3090
3090
3091
3094
3094
3095
3096
3097
3097
3098
3098
3099
3100
3101
3102
3102
3103
3104
3105
3106
3106
3106
3106
3106
3107
3108
3110
3111
3114
3114
3115
3116
3116
3116
3119
3119
3119
3120
3123
3124
3125
3125
3125
3126
3126
3126
3127
3128
3128
3128
3129
3130
3130
3131
3132
3133
3136
3137
3137
3138
3143
3143
3144
3146
3146
3151
3153
3154
3155
3156
3157
3158
3158
3163
3164
3164
3165
3167
3168
3168
3169
3169
3171
3175
3175
3177
3178
3182
3183
3185
3185
3185
3186
3189
3190
3191
3193
3195
3196
3197
3199
3204
3209
3209
3210
3212
3213
3213
3213
3215
3217
3217
3222
3223
3223
3225
3225
3226
3226
3226
3227
3228
3228
3231
3231
3231
3231
3233
3236
3236
3237
3237
3237
3238
3238
3238
3239
3240
3242
3243
3243
3244
3246
3246
3246
3247
3248
3248
3249
3251
3254
3256
3260
3260
3261
3263
3263
3263
3263
3264
3264
3265
3267
3270
3270
3271
3272
3273
3274
3275
3276
3276
3276
3277
3279
3279
3283
3283
3284
3287
3288
3289
3290
3290
3293
3294
3294
3294
3296
3299
3299
3299
3299
3300
3301
3301
3301
3303
3303
3304
3306
3306
3306
3308
3311
3312
3313
3313
3313
3314
3316
3317
3318
3319
3323
3323
3325
3326
3327
3330
3331
3332
3332
3333
3336
3337
3340
3340
3340
3341
3344
3345
3345
3346
3346
3347
3349
3350
3350
3350
3355
3355
3356
3356
3358
3358
3359
3360
3361
3361
3361
3363
3363
3364
3364
3365
3365
3365
3367
3367
3368
3373
3375
3376
3377
3377
3378
3379
3379
3380
3380
3381
3381
3381
3382
3382
3384
3384
3385
3387
3388
3388
3389
3389
3390
3390
3390
3390
3392
3392
3393
3394
3395
3396
3397
3398
3398
3399
3400
3400
3402
3404
3405
3405
3406
3406
3406
3408
3408
3408
3408
3410
3411
3412
3413
3413
3421
3423
3424
3426
3430
3432
3432
3433
3433
3434
3435
3436
3439
3440
3441
3443
3446
3447
3449
3450
3451
3452
3452
3453
3453
3455
3457
3457
3457
3459
3460
3460
3461
3462
3465
3467
3469
3470
3471
3473
3476
3477
3477
3478
3480
3480
3481
3481
3482
3482
3484
3485
3486
3488
3490
3490
3491
3494
3494
3495
3496
3497
3499
3499
3500
3500
3502
3502
3503
3503
3505
3508
3509
3509
3509
3509
3510
3512
3513
3513
3515
3516
3517
3518
3519
3520
3523
3524
3525
3526
3528
3529
3529
3531
3533
3533
3533
3534
3535
3537
3539
3543
3548
3548
3549
3550
3552
3557
3558
3558
3560
3561
3561
3561
3563
3563
3564
3566
3566
3567
3568
3570
3570
3570
3571
3572
3573
3574
3575
3575
3576
3580
3580
3580
3581
3582
3585
3587
3588
3588
3588
3590
3591
3592
3593
3594
3596
3596
3597
3597
3601
3603
3603
3605
3606
3606
3606
3608
3608
3608
3611
3612
3613
3613
3613
3615
3616
3617
3617
3617
3620
3621
3621
3624
3625
3625
3626
3631
3632
3632
3633
3633
3634
3636
3636
3642
3643
3645
3646
3648
3651
3653
3653
3654
3656
3659
3659
3659
3660
3662
3662
3663
3666
3666
3666
3666
3667
3668
3671
3672
3673
3674
3676
3677
3679
3680
3680
3680
3680
3683
3683
3683
3684
3687
3688
3688
3688
3689
3689
3689
3690
3691
3692
3694
3695
3695
3696
3696
3703
3705
3706
3708
3708
3709
3710
3711
3712
3712
3714
3716
3716
3717
3718
3718
3720
3721
3723
3725
3725
3726
3727
3727
3728
3728
3729
3731
3731
3731
3732
3733
3733
3734
3734
3734
3734
3736
3736
3737
3738
3739
3739
3742
3742
3744
3746
3746
3746
3748
3749
3749
3750
3751
3751
3751
3751
3752
3752
3756
3757
3758
3759
3759
3761
3761
3763
3763
3763
3764
3765
3765
3766
3766
3770
3771
3772
3773
3773
3774
3774
3774
3777
3777
3777
3779
3780
3781
3782
3782
3783
3784
3784
3788
3789
3789
3790
3790
3790
3790
3791
3792
3793
3794
3794
3795
3796
3797
3797
3798
3800
3800
3800
3800
3801
3801
3801
3802
3802
3803
3804
3804
3805
3807
3810
3811
3811
3812
3813
3814
3817
3818
3819
3821
3821
3822
3823
3824
3826
3827
3827
3828
3831
3831
3831
3831
3834
3834
3834
3835
3835
3837
3837
3838
3841
3841
3843
3845
3846
3848
3848
3849
3849
3854
3856
3857
3857
3863
3864
3864
3865
3869
3869
3871
3871
3872
3872
3873
3873
3874
3874
3876
3876
3876
3877
3879
3880
3881
3882
3883
3884
3885
3886
3886
3886
3887
3890
3890
3892
3892
3892
3894
3894
3896
3898
3898
3898
3899
3899
3899
3899
3900
3903
3903
3906
3909
3911
3911
3911
3912
3912
3913
3914
3914
3916
3916
3916
3917
3918
3919
3921
3922
3923
3924
3925
3926
3927
3928
3928
3929
3929
3929
3929
3931
3931
3931
3932
3935
3936
3936
3936
3936
3937
3937
3938
3941
3942
3943
3945
3947
3949
3952
3953
3955
3958
3959
3961
3963
3963
3969
3970
3971
3971
3972
3974
3975
3977
3978
3980
3981
3981
3984
3984
3984
3985
3985
3985
3985
3986
3986
3987
3989
3991
3991
3991
3993
3998
4000
4001
4003
4004
4004
4005
4006
4006
4007
4011
4011
4012
4012
4012
4014
4014
4015
4015
4017
4019
4020
4020
4021
4024
4027
4028
4028
4028
4029
4030
4031
4031
4034
4035
4036
4036
4037
4037
4037
4038
4038
4039
4039
4039
4040
4041
4041
4042
4043
4044
4044
4045
4045
4047
4049
4049
4049
4050
4050
4051
4052
4053
4056
4056
4056
4058
4058
4059
4060
4063
4063
4063
4063
4065
4066
4066
4067
4068
4068
4069
4072
4073
4075
4075
4077
4078
4079
4079
4080
4082
4083
4086
4086
4087
4087
4087
4087
4088
4089
4090
4091
4091
4092
4093
4093
4093
4094
4094
4094
4095
4096
4097
4098
4098
4098
4099
4099
4099
4100
4100
4101
4103
4103
4104
4104
4104
4106
4109
4110
4111
4111
4112
4114
4114
4114
4116
4118
4123
4124
4124
4126
4126
4127
4128
4129
4129
4130
4130
4130
4131
4137
4138
4139
4139
4139
4140
4140
4142
4143
4143
4144
4146
4148
4149
4149
4150
4151
4151
4152
4154
4155
4157
4158
4160
4160
4161
4162
4164
4164
4164
4164
4165
4167
4168
4169
4169
4170
4170
4171
4171
4172
4172
4175
4176
4176
4177
4177
4178
4178
4179
4180
4181
4183
4185
4185
4186
4187
4188
4188
4189
4190
4192
4194
4194
4195
4196
4197
4198
4199
4199
4199
4200
4201
4201
4205
4205
4208
4209
4209
4210
4210
4211
4211
4211
4212
4213
4216
4218
4218
4219
4220
4220
4221
4221
4223
4224
4224
4228
4229
4229
4233
4233
4233
4234
4234
4235
4236
4239
4239
4240
4241
4241
4242
4242
4246
4246
4248
4248
4248
4251
4251
4251
4252
4254
4254
4256
4258
4259
4259
4259
4260
4261
4261
4263
4264
4265
4265
4266
4267
4268
4271
4271
4272
4274
4276
4277
4277
4277
4278
4278
4280
4280
4281
4282
4282
4282
4282
4283
4284
4284
4285
4286
4286
4286
4288
4289
4289
4289
4291
4291
4291
4293
4294
4294
4295
4295
4295
4297
4298
4298
4299
4300
4300
4304
4304
4304
4304
4304
4304
4308
4309
4309
4310
4311
4311
4312
4315
4315
4315
4319
4320
4320
4321
4321
4322
4323
4324
4324
4325
4325
4327
4327
4327
4330
4332
4334
4335
4336
4338
4338
4340
4343
4351
4351
4352
4352
4352
4352
4353
4353
4354
4354
4355
4355
4355
4356
4358
4359
4359
4359
4362
4362
4363
4363
4365
4366
4369
4371
4371
4372
4372
4372
4373
4374
4374
4376
4378
4379
4384
4385
4385
4385
4386
4388
4388
4389
4390
4392
4393
4395
4396
4397
4400
4401
4402
4402
4403
4403
4404
4407
4407
4408
4408
4409
4409
4414
4415
4415
4416
4416
4416
4417
4418
4420
4420
4420
4421
4421
4424
4425
4426
4426
4427
4428
4428
4430
4433
4434
4434
4436
4439
4440
4440
4442
4443
4443
4443
4445
4446
4446
4446
4448
4448
4449
4450
4451
4451
4451
4451
4452
4452
4452
4453
4454
4454
4457
4457
4458
4458
4459
4460
4460
4463
4463
4464
4464
4465
4465
4465
4468
4469
4470
4472
4475
4477
4478
4478
4479
4479
4481
4484
4486
4488
4491
4491
4493
4493
4493
4494
4494
4494
4495
4495
4496
4497
4497
4499
4499
4502
4505
4505
4506
4509
4510
4510
4511
4512
4513
4515
4520
4521
4521
4522
4523
4526
4526
4527
4527
4529
4530
4531
4532
4534
4535
4536
4536
4536
4541
4543
4546
4546
4547
4548
4548
4549
4551
4551
4551
4552
4552
4552
4554
4554
4555
4555
4556
4558
4560
4560
4560
4560
4561
4563
4564
4565
4565
4565
4565
4565
4566
4566
4567
4568
4568
4570
4571
4572
4572
4573
4573
4574
4575
4577
4577
4579
4579
4581
4582
4583
4584
4586
4588
4588
4590
4590
4590
4590
4592
4593
4594
4595
4595
4596
4599
4601
4601
4601
4601
4602
4603
4604
4605
4605
4606
4610
4610
4610
4611
4612
4612
4613
4613
4614
4616
4616
4616
4617
4617
4617
4618
4620
4620
4621
4621
4622
4623
4624
4625
4626
4626
4628
4628
4633
4633
4634
4640
4640
4641
4642
4643
4644
4644
4646
4647
4649
4649
4652
4652
4654
4655
4658
4660
4661
4661
4662
4662
4664
4664
4666
4667
4668
4668
4669
4670
4671
4672
4674
4674
4674
4675
4677
4678
4678
4678
4679
4680
4680
4682
4683
4683
4687
4690
4692
4692
4692
4697
4697
4699
4699
4700
4700
4700
4701
4701
4701
4701
4703
4703
4703
4704
4709
4709
4709
4709
4709
4711
4711
4711
4712
4712
4713
4713
4713
4713
4714
4714
4715
4715
4717
4718
4721
4722
4722
4722
4723
4723
4725
4725
4725
4726
4727
4727
4727
4727
4728
4729
4731
4731
4734
4734
4737
4737
4739
4741
4742
4745
4746
4746
4747
4748
4749
4751
4752
4752
4754
4756
4757
4760
4761
4763
4763
4764
4764
4764
4765
4767
4769
4770
4770
4770
4772
4772
4773
4773
4773
4774
4776
4777
4777
4777
4778
4778
4780
4780
4782
4784
4785
4785
4786
4789
4789
4789
4790
4790
4792
4794
4794
4794
4795
4796
4796
4796
4797
4797
4798
4799
4800
4800
4801
4802
4802
4805
4806
4806
4807
4811
4811
4811
4814
4814
4815
4815
4816
4817
4817
4819
4819
4822
4824
4825
4825
4826
4827
4830
4830
4831
4832
4832
4833
4834
4836
4836
4839
4841
4842
4842
4843
4845
4845
4845
4845
4846
4846
4846
4848
4849
4849
4850
4850
4850
4851
4851
4851
4852
4854
4854
4856
4857
4858
4860
4861
4861
4861
4861
4862
4867
4867
4867
4869
4869
4870
4870
4871
4872
4873
4876
4880
4880
4881
4882
4884
4884
4884
4884
4885
4885
4886
4887
4888
4889
4889
4891
4894
4894
4898
4900
4902
4902
4903
4904
4905
4906
4906
4907
4908
4908
4908
4912
4913
4915
4919
4919
4920
4920
4921
4921
4922
4924
4924
4925
4925
4926
4929
4929
4931
4931
4931
4933
4935
4937
4938
4939
4939
4940
4941
4946
4946
4947
4948
4948
4951
4952
4953
4954
4954
4954
4955
4955
4959
4959
4962
4963
4965
4966
4967
4967
4967
4968
4968
4969
4970
4970
4970
4970
4970
4970
4972
4972
4972
4976
4976
4977
4978
4978
4981
4982
4982
4985
4986
4987
4989
4990
4991
4993
4995
4995
4997
4997
